-0.023431504679635704 -0.9604576207649739 -0.27743850364167943 -0.0596371
-0.9930707956565262 -0.009605504546377739 0.1171244171662079 0.38081699999999996
-0.11515797585301066 0.2782604768861282 -0.9535773422227178 0.19723600000000002
0.0 0.0 0.0 1.0
====================
-0.2965378408620287 -0.9518376375073964 -0.07791290497231693 -0.030506199999999997
-0.9497935055288423 0.28540723945765 0.1281990815895235 0.234581
-0.09978780382451477 0.11201704999464476 -0.9886832529776047 0.164965
0.0 0.0 0.0 1.0
====================
0.20828934816841507 -0.9373640522165629 -0.2792206673076366 -0.144877
-0.9604389144516967 -0.14206608991516265 -0.23952936709945127 0.402577
0.1848584297413118 0.3180658103417625 -0.9298717660221837 0.17098400000000002
0.0 0.0 0.0 1.0
====================
-0.27149787449544893 -0.9514807600719176 -0.14482150170958555 0.008085799999999999
-0.9409359883388132 0.2307798352745374 0.2477501432482292 0.283684
-0.20230761229700225 0.20353140014165721 -0.9579387241170818 0.144171
0.0 0.0 0.0 1.0
====================
-0.3492669560489404 -0.9076065260508178 -0.23294417202899398 -0.0600894
-0.9300246403953437 0.30544796302486066 0.2043421399062734 0.0697036
-0.11430993688135405 0.288013777021047 -0.9507793132879214 0.171944
0.0 0.0 0.0 1.0
====================
-0.12232231771734992 -0.9531923740282334 -0.27651681446645604 -0.009188229999999999
-0.9922993924710736 0.12292248199259237 0.015230860852872147 0.282128
0.01947219273205905 0.2762505412034546 -0.9608883765531793 0.12241099999999999
0.0 0.0 0.0 1.0
====================
-0.3099844611192437 -0.9493226759007946 -0.05192389512707271 -0.0661713
-0.9506153111677939 0.3103709164547098 0.0006514540829587329 0.139706
0.01549722678322692 0.049561590366116 -0.9986508322343756 0.157474
0.0 0.0 0.0 1.0
====================
-0.39462225407053997 -0.9183615823478501 -0.029753666325998643 0.0124451
-0.8826446024840844 0.36987733916117427 0.29005044333833074 0.109513
-0.2553659771739351 0.1407222727310867 -0.9565487230974692 0.114812
0.0 0.0 0.0 1.0
====================
-0.1228301436622724 -0.9900470533084916 -0.06869925795144109 -0.150821
-0.9897518926974557 0.1272849969598312 -0.06472804995317101 0.187488
0.07282819996203364 0.0600446649096228 -0.9955353793342462 0.157705
0.0 0.0 0.0 1.0
====================
-0.4126190099360202 -0.8795433147003127 -0.236958034692655 0.0316626
-0.9027688913964094 0.36016740057366115 0.23513352013464697 0.225217
-0.12146555629608316 0.3109389025676893 -0.9426362593830583 0.118757
0.0 0.0 0.0 1.0
====================
-0.3742569523599435 -0.9154199330925268 0.1481150893971359 -0.116426
-0.9230980699095053 0.38300114816246444 0.0346420818597969 0.0807132
-0.08844030155757021 -0.12375971316671869 -0.9883632158560426 0.136821
0.0 0.0 0.0 1.0
====================
-0.14482194757534897 -0.9763106640365644 -0.16076097408564552 0.0328395
-0.8868882173668535 0.05604821099151043 0.45857157341084265 0.187271
-0.438697952350279 0.20898824209302744 -0.8739954354975423 0.0829988
0.0 0.0 0.0 1.0
====================
0.032984162694596565 -0.9813957071804073 -0.18914151035456223 -0.08239800000000001
-0.9977529629516518 -0.04337545410947843 0.051064614969628996 0.314204
-0.05831869282259601 0.1870321788053198 -0.980621177702582 0.11174200000000001
0.0 0.0 0.0 1.0
====================
-0.4827249897832041 -0.8747143389395341 -0.043028008231606144 -0.0507024
-0.8644455457014623 0.4680302013122235 0.1835255545599587 0.102317
-0.14039402678072305 0.12578774150613073 -0.9820727882041536 0.0938208
0.0 0.0 0.0 1.0
====================
-0.3820500814219779 -0.9241416206416051 1.6833538057037245e-05 -0.150604
-0.918606383143596 0.37976374527578866 0.10927859178241259 0.0309951
-0.10099528767868993 0.04173443149263972 -0.9940111614537762 0.14516
0.0 0.0 0.0 1.0
====================
-0.41175156745139824 -0.8592399211930838 -0.30359085053640894 0.05386250000000001
-0.8706859490852107 0.27258825181643237 0.4093917720683299 0.129715
-0.2690104547539051 0.43289999168371984 -0.8603667662301542 0.074381
0.0 0.0 0.0 1.0
====================
-0.2196153300604413 -0.9478743374242151 0.2308751767840116 -0.0361917
-0.959746869715314 0.2523840141800642 0.1232406404479186 0.296076
-0.17508584429958757 -0.19451619428459505 -0.9651468268025016 0.0931807
0.0 0.0 0.0 1.0
====================
-0.20931992987289338 -0.942064399644639 -0.26210653154813324 -0.101259
-0.9748398317604778 0.18003384358775776 0.13143484156121524 0.17356100000000002
-0.07663203880368818 0.283023818936153 -0.9560465723716525 0.106836
0.0 0.0 0.0 1.0
====================
0.06520018287524874 -0.9909723653357145 -0.11714395969905526 -0.09978379999999999
-0.9634722289949811 -0.09307530609644156 0.25111402061712357 0.13884
-0.259750264886251 0.09649227189777153 -0.9608428806810869 0.216464
0.0 0.0 0.0 1.0
====================
0.02406680984752419 -0.9983905452532758 -0.05135277804198819 -0.0294223
-0.9611840820341453 -0.03723159972066025 0.2733842870876414 0.0816447
-0.2748562335257116 0.042779985169552406 -0.9605331455816359 0.0783368
0.0 0.0 0.0 1.0
====================
-0.3294630275102292 -0.944167351625032 -0.0014579537605415582 0.0634885
-0.876486355898336 0.30527120310770334 0.37226490631972176 0.183622
-0.35103529940427625 0.12392539965055267 -0.9281253761715609 0.0647239
0.0 0.0 0.0 1.0
====================
-0.17960747928227846 -0.9820947556837452 0.056842275151079896 -0.0645053
-0.978761558753265 0.1842051324960912 0.08996821810493334 0.317298
-0.09882795400465033 -0.03947606896060761 -0.9943212134349102 0.0878993
0.0 0.0 0.0 1.0
====================
-0.1593278706275369 -0.9598489406028791 -0.23087797830201567 -0.107863
-0.9830482828021255 0.13276248031576893 0.12645235268747618 0.12909800000000002
-0.0907232237141497 0.2471115841961607 -0.964730616097041 0.12229799999999999
0.0 0.0 0.0 1.0
====================
-0.1669019401490144 -0.984934540388362 -0.04525144776094139 0.045182
-0.936560225705561 0.14402339712075404 0.31955000345508777 0.160241
-0.30821856855297325 0.09571422167976905 -0.9464882998576329 0.0467871
0.0 0.0 0.0 1.0
====================
-0.31100156043696237 -0.9459566563072515 -0.0918914239403156 -0.091978
-0.9398772663520767 0.2917601326065301 0.177501406236591 0.0152453
-0.14109838269917138 0.14156987465355858 -0.9798210127315365 0.13483
0.0 0.0 0.0 1.0
====================
-0.03973911127208705 -0.920760128949348 -0.38809997162133986 0.0307948
-0.9949563406107801 0.0006621031193625674 0.10030673904511506 0.159647
-0.09210148377583371 0.3901286282197699 -0.9161424398692871 0.0665806
0.0 0.0 0.0 1.0
====================
-0.0691298536889951 -0.9811820633541867 -0.18028539009292707 -0.141321
-0.9971468507077893 0.0734524834255012 -0.017403758276993322 0.229554
0.030318665083998553 0.1785678896964603 -0.9834603638768962 0.18895800000000001
0.0 0.0 0.0 1.0
====================
-0.2530328650958212 -0.9662407038540334 -0.048510528723797346 -0.09964959999999999
-0.9666379988666346 0.2545640994674257 -0.028427071770532122 0.36878700000000003
0.03981643289533023 0.03969913699315157 -0.9984180638357314 0.116803
0.0 0.0 0.0 1.0
====================
-0.354877275888043 -0.9235890440265265 -0.145070316786201 -0.143258
-0.9294614243801432 0.36526716204890014 -0.05178185896603096 0.156525
0.1008145805303835 0.11646105822509709 -0.9880654038420602 0.16229500000000002
0.0 0.0 0.0 1.0
====================
-0.4183504870187781 -0.8427995654092733 -0.33863219362176916 0.0142842
-0.9068355660131224 0.3665093055150872 0.20813501671873547 0.225684
-0.0513042515276369 0.3941571025832068 -0.9176099673926829 0.08437
0.0 0.0 0.0 1.0
====================
