0.996416495300559 -0.03366102037989392 -0.07759577050288338 0.0292626
0.0431618931193416 -0.5866103193578007 0.80871835901338 0.0474073
-0.07274076487985479 -0.8091694933262894 -0.5830553251577164 0.243518
0.0 0.0 0.0 1.0
====================
0.9958887404043077 -0.0888388365715075 0.017699656848161306 0.0612769
-0.032656908990238834 -0.16985550110133635 0.9849277308720763 0.10696699999999999
-0.08449344963442398 -0.9814564533703138 -0.17205838284326674 0.20382999999999998
0.0 0.0 0.0 1.0
====================
0.9966750729985343 -0.027383441489782844 0.07673946830374861 0.0451189
-0.08032220081818964 -0.17207747310433058 0.9818032834054646 0.112484
-0.013680018972531287 -0.9847027421421168 -0.17370482635409762 0.204058
0.0 0.0 0.0 1.0
====================
0.987401486326429 -0.02944017195609462 0.15547212314609513 0.009129930000000001
-0.15637197552193172 -0.031219527627120214 0.987204713504807 0.164082
-0.0242097102776421 -0.9990788844580467 -0.03542982582990739 0.18896100000000002
0.0 0.0 0.0 1.0
====================
0.9377539088729945 -0.29839508250805197 0.17770194463886047 -0.0713386
-0.17160654398668662 0.04673023365520018 0.9840566443673229 0.191091
-0.30194171698254146 -0.9532977813870875 -0.007385089579116655 0.17107399999999998
0.0 0.0 0.0 1.0
====================
0.906339892053474 -0.3551875552105517 0.22888818382793052 -0.188023
-0.27915307071804196 -0.09666723412552414 0.9553685199728998 0.201598
-0.3172090212796368 -0.9297834406301677 -0.18676506726029496 0.17857900000000002
0.0 0.0 0.0 1.0
====================
0.9887101773417594 -0.14907148821616356 -0.015161682685138234 -0.12958999999999998
0.0028947579327683604 -0.08216378855790529 0.9966146357676685 0.280766
-0.14981256822221986 -0.9854069226724714 -0.08080464808309407 0.167404
0.0 0.0 0.0 1.0
====================
0.984803767408934 -0.03406783581117663 -0.17029657148725327 -0.0369991
0.16280250358619996 -0.1603419212935704 0.9735429179558301 0.23521799999999998
-0.06047217974602704 -0.9864734415274592 -0.15235899920167162 0.160061
0.0 0.0 0.0 1.0
====================
0.9909113911812208 -0.03275531492548763 -0.13046725325318087 0.0017544799999999999
0.12049701569147211 -0.21497297296143425 0.9691579283613025 0.141988
-0.059792006461956315 -0.97607054572928 -0.20907225000702234 0.168807
0.0 0.0 0.0 1.0
====================
0.9786373174531053 0.05873109906505847 -0.1970270511650628 0.0600236
0.20166847132960797 -0.08784192482330777 0.975506854878486 0.136587
0.03998535431591253 -0.9944015558344359 -0.09780959663695721 0.106748
0.0 0.0 0.0 1.0
====================
0.9543503982918593 0.05176872104473172 0.294168857633779 0.0373501
-0.26417646967179526 -0.31327326127142446 0.9121790704922544 0.07641440000000001
0.13937758123857946 -0.9482509495348576 -0.2852963837035523 0.140715
0.0 0.0 0.0 1.0
====================
0.9730087001217222 -0.0421512107439673 0.22688619376298325 0.022865700000000003
-0.22701927818900533 -0.351342131189507 0.9083066410534265 0.0218834
0.04142845420697393 -0.9352978040624457 -0.35142808780458584 0.223662
0.0 0.0 0.0 1.0
====================
0.995092202953421 -0.08060766968939358 0.057392605870034884 -0.012660800000000002
-0.08049601983941522 -0.32210150060337717 0.9432767431136343 -0.00173308
-0.05754909566031436 -0.9432672086404247 -0.3270092883885436 0.221891
0.0 0.0 0.0 1.0
====================
0.9941274792534098 -0.09671160566944323 0.04855327303179097 -0.018309100000000002
-0.08164260698667908 -0.37579397831873385 0.9230998703194568 -0.0489604
-0.07102844301883705 -0.9216429629678824 -0.3814829079973343 0.235877
0.0 0.0 0.0 1.0
====================
0.9793976876618739 -0.1556671675858763 0.12863865025086915 -0.0788627
-0.1794554834809569 -0.3787886292258674 0.9079178948659424 -0.029970300000000002
-0.09260614910032013 -0.9122975979936477 -0.3989200343976601 0.22356
0.0 0.0 0.0 1.0
====================
0.9190565117119978 -0.13254120726618962 -0.37117106117826 -0.0583154
0.3076752186961549 -0.3472891739519011 0.8858477236275315 -0.0046700000000000005
-0.24631501797504737 -0.928344256206838 -0.278398731835698 0.20904599999999998
0.0 0.0 0.0 1.0
====================
0.9526100467002201 -0.18237616956567526 -0.2434605341741373 -0.122789
0.18988271015927566 -0.2687659260442114 0.9443036764622734 0.0851118
-0.23765238334250452 -0.9457821153797261 -0.2213990400148062 0.201403
0.0 0.0 0.0 1.0
====================
0.9837633527302021 -0.16587139041106502 -0.06852990345923635 -0.18111
0.03890643437500134 -0.17565957882207223 0.9836818600199336 0.18328399999999997
-0.17520261182201574 -0.9703764188247531 -0.16635399183545857 0.17012
0.0 0.0 0.0 1.0
====================
0.9977640607443987 -0.05196531129062106 0.042029578980962344 -0.0320961
-0.04817952976335576 -0.12340261196189878 0.9911864245805443 0.185577
-0.046320751274456 -0.99099515729566 -0.12563035547955798 0.164784
0.0 0.0 0.0 1.0
====================
0.9989032322406954 0.013278058815910645 0.04490017564745915 0.0818537
-0.04391532932588032 -0.06694321511711365 0.9967898724405176 0.17241199999999998
0.01624119667053331 -0.9976684314459715 -0.06628668363135981 0.13916
0.0 0.0 0.0 1.0
====================
0.999191687196893 -0.0393867995580324 -0.008040662734002207 0.0725632
-0.011539590910049963 -0.472634459939305 0.8811830145432391 0.140367
-0.03850727305659653 -0.8803779570721073 -0.4727069310083024 0.17555800000000002
0.0 0.0 0.0 1.0
====================
0.9828029893167931 -0.14004620843039484 0.1203550734046784 -0.0457409
-0.17631850529880838 -0.5180590503355567 0.8369746740819672 0.153922
-0.05486409462635107 -0.8438020383180473 -0.5338427214556167 0.178882
0.0 0.0 0.0 1.0
====================
0.9552718921665009 -0.2809803739555733 0.09222603476470007 -0.146916
-0.23773488743041046 -0.5441537415040503 0.8045985513941679 0.16355799999999998
-0.17589125997355168 -0.7905357266176712 -0.5866136118485379 0.185034
0.0 0.0 0.0 1.0
====================
0.9193105383741516 -0.3600948816172002 -0.1587444810609879 -0.180867
-0.05951207058000735 -0.5259541134030365 0.8484283022446305 0.0986665
-0.3890070018515194 -0.7705218665472905 -0.5049451511629472 0.20756
0.0 0.0 0.0 1.0
====================
0.9086099465329811 -0.259339601916599 -0.3273697236139485 -0.09162290000000001
0.12872153594733898 -0.5717944926570631 0.8102356597622753 0.0579868
-0.39731439848650213 -0.778327713141959 -0.48615557151031097 0.208449
0.0 0.0 0.0 1.0
====================
0.8765522976887957 -0.11196323462081247 -0.46810287705774434 0.0274643
0.3103830343092543 -0.6118260259831859 0.727551569266813 0.0263566
-0.3678565500700961 -0.7830281910779885 -0.5015460203686798 0.21269
0.0 0.0 0.0 1.0
====================
0.9812327850163536 -0.0012272944024777632 0.19282301563221121 0.042339
-0.16551972524971392 -0.518356614345745 0.8389932305550957 0.0539745
0.09892139385547266 -0.8551636767967091 -0.5088316457584219 0.193584
0.0 0.0 0.0 1.0
====================
0.9692305664729729 0.01665544318905826 0.24559052348707688 0.0182796
-0.223092426299271 -0.3622085681832413 0.9050053715103302 0.127351
0.10402825742260968 -0.9319482546508805 -0.3473479124894706 0.183329
0.0 0.0 0.0 1.0
====================
