0.9853140051531218 0.13140562430672972 -0.1090361093843341 0.0557985
0.14637131858761718 -0.32116406452575064 0.935643671892362 0.18986599999999998
0.0879303607637097 -0.9378625728526853 -0.3356814652287282 0.195391
0.0 0.0 0.0 1.0
====================
0.9966150116833671 -0.043260934789826885 0.06990715277046282 -0.0582885
-0.08112549615336377 -0.3798433135304847 0.921486685221253 0.103185
-0.01331061085123596 -0.924038716011019 -0.3820671131509158 0.174195
0.0 0.0 0.0 1.0
====================
0.9296790586062311 -0.3657788115262789 -0.04362005304277769 -0.15144
-0.0828127566710917 -0.32291162943277235 0.942799091487474 0.07841999999999999
-0.35894135359633106 -0.8728882749902731 -0.33049533137843073 0.21031
0.0 0.0 0.0 1.0
====================
0.8999075661257141 0.12716950366189295 0.4171262276195082 0.055543800000000004
-0.3178530559520345 -0.4635954541089838 0.8270723606501661 -0.00151367
0.29855620451038484 -0.8768735212491442 -0.3767718414113244 0.203636
0.0 0.0 0.0 1.0
====================
0.9871453098035596 -0.13945290769876983 -0.07808344169664254 -0.0972522
0.010216537035966047 -0.43249757883602635 0.9015772105992743 -0.0151499
-0.1594984630139969 -0.8907854572428391 -0.42551323065310087 0.22097999999999998
0.0 0.0 0.0 1.0
====================
0.999369691307699 0.018038289936424125 -0.030575156446436137 -0.0358948
0.03513924247778031 -0.3802474516447316 0.9242170249220555 0.11520200000000001
0.005045169337327024 -0.9247088707338419 -0.3806416302146951 0.125164
0.0 0.0 0.0 1.0
====================
0.9807435263095785 -0.18458354999309184 -0.0638047699925382 -0.106563
-0.05013653321552762 -0.5537090124004511 0.8311995293692395 -0.00922703
-0.18875503606256772 -0.81199460753041 -0.5523009086562813 0.23885699999999999
0.0 0.0 0.0 1.0
====================
0.9424389139015519 0.22475631533488777 0.24757522549953986 0.0695216
-0.15586130351887434 -0.3597754568560221 0.9199287334948496 0.0225513
0.295831282371322 -0.9055640338270536 -0.30403557852562924 0.21140799999999998
0.0 0.0 0.0 1.0
====================
0.9940821914082099 -0.09771292249530888 -0.04746347545720697 -0.182529
0.013235398095921516 -0.32472552170672625 0.9457156865514798 0.11605
-0.10782124541245852 -0.9407473201289069 -0.3215105887960555 0.202607
0.0 0.0 0.0 1.0
====================
0.977422410129702 -0.0357716646863209 0.20824461621327484 -0.115115
-0.19137735469722056 -0.5675993589027921 0.8007531928642143 -0.0074012900000000005
0.0895552359459733 -0.8225274194692288 -0.5616302199276249 0.18563300000000002
0.0 0.0 0.0 1.0
====================
0.863371814077831 0.1969644886299885 -0.4645364365415079 -0.0707392
0.4893053678364565 -0.10210167166769796 0.8661151803594551 0.130562
0.1231639868727269 -0.9750796064226699 -0.18452748704793548 0.22817
0.0 0.0 0.0 1.0
====================
0.863371814077831 0.1969644886299885 -0.4645364365415079 -0.176511
0.4893053678364565 -0.10210167166769796 0.8661151803594551 -0.0030019
0.1231639868727269 -0.9750796064226699 -0.18452748704793548 0.184727
0.0 0.0 0.0 1.0
====================
0.863371814077831 0.1969644886299885 -0.4645364365415079 0.0161309
0.4893053678364565 -0.10210167166769796 0.8661151803594551 0.0245984
0.1231639868727269 -0.9750796064226699 -0.18452748704793548 0.137583
0.0 0.0 0.0 1.0
====================
0.863371814077831 0.1969644886299885 -0.4645364365415079 -0.0338904
0.4893053678364565 -0.10210167166769796 0.8661151803594551 0.0488317
0.1231639868727269 -0.9750796064226699 -0.18452748704793548 0.187645
0.0 0.0 0.0 1.0
====================
0.863371814077831 0.1969644886299885 -0.4645364365415079 -0.110079
0.4893053678364565 -0.10210167166769796 0.8661151803594551 -0.0061029
0.1231639868727269 -0.9750796064226699 -0.18452748704793548 0.18715099999999998
0.0 0.0 0.0 1.0
====================
0.863371814077831 0.1969644886299885 -0.4645364365415079 -0.00113285
0.4893053678364565 -0.10210167166769796 0.8661151803594551 0.12118000000000001
0.1231639868727269 -0.9750796064226699 -0.18452748704793548 0.174765
0.0 0.0 0.0 1.0
====================
0.863371814077831 0.1969644886299885 -0.4645364365415079 0.0683896
0.4893053678364565 -0.10210167166769796 0.8661151803594551 -0.0528787
0.1231639868727269 -0.9750796064226699 -0.18452748704793548 0.19593800000000003
0.0 0.0 0.0 1.0
====================
0.863371814077831 0.1969644886299885 -0.4645364365415079 -0.162381
0.4893053678364565 -0.10210167166769796 0.8661151803594551 0.0350397
0.1231639868727269 -0.9750796064226699 -0.18452748704793548 0.186671
0.0 0.0 0.0 1.0
====================
0.863371814077831 0.1969644886299885 -0.4645364365415079 -0.0103879
0.4893053678364565 -0.10210167166769796 0.8661151803594551 -0.0725099
0.1231639868727269 -0.9750796064226699 -0.18452748704793548 0.18154499999999998
0.0 0.0 0.0 1.0
====================
0.863371814077831 0.1969644886299885 -0.4645364365415079 0.044792399999999996
0.4893053678364565 -0.10210167166769796 0.8661151803594551 0.11534900000000001
0.1231639868727269 -0.9750796064226699 -0.18452748704793548 0.17352
0.0 0.0 0.0 1.0
====================
0.863371814077831 0.1969644886299885 -0.4645364365415079 -0.0972776
0.4893053678364565 -0.10210167166769796 0.8661151803594551 0.0643711
0.1231639868727269 -0.9750796064226699 -0.18452748704793548 0.25385
0.0 0.0 0.0 1.0
====================
0.863371814077831 0.1969644886299885 -0.4645364365415079 0.100046
0.4893053678364565 -0.10210167166769796 0.8661151803594551 0.0133082
0.1231639868727269 -0.9750796064226699 -0.18452748704793548 0.237909
0.0 0.0 0.0 1.0
====================
0.863371814077831 0.1969644886299885 -0.4645364365415079 -0.0868636
0.4893053678364565 -0.10210167166769796 0.8661151803594551 0.0266019
0.1231639868727269 -0.9750796064226699 -0.18452748704793548 0.170615
0.0 0.0 0.0 1.0
====================
0.863371814077831 0.1969644886299885 -0.4645364365415079 -0.000950222
0.4893053678364565 -0.10210167166769796 0.8661151803594551 -0.041303599999999996
0.1231639868727269 -0.9750796064226699 -0.18452748704793548 0.205122
0.0 0.0 0.0 1.0
====================
0.863371814077831 0.1969644886299885 -0.4645364365415079 -0.038562599999999995
0.4893053678364565 -0.10210167166769796 0.8661151803594551 0.12172599999999999
0.1231639868727269 -0.9750796064226699 -0.18452748704793548 0.16065200000000002
0.0 0.0 0.0 1.0
====================
0.863371814077831 0.1969644886299885 -0.4645364365415079 0.140758
0.4893053678364565 -0.10210167166769796 0.8661151803594551 0.0690501
0.1231639868727269 -0.9750796064226699 -0.18452748704793548 0.16131900000000002
0.0 0.0 0.0 1.0
====================
0.863371814077831 0.1969644886299885 -0.4645364365415079 -0.135471
0.4893053678364565 -0.10210167166769796 0.8661151803594551 0.16292600000000002
0.1231639868727269 -0.9750796064226699 -0.18452748704793548 0.174725
0.0 0.0 0.0 1.0
====================
0.863371814077831 0.1969644886299885 -0.4645364365415079 0.0062287
0.4893053678364565 -0.10210167166769796 0.8661151803594551 0.012757000000000001
0.1231639868727269 -0.9750796064226699 -0.18452748704793548 0.17031
0.0 0.0 0.0 1.0
====================
0.863371814077831 0.1969644886299885 -0.4645364365415079 -0.011648799999999999
0.4893053678364565 -0.10210167166769796 0.8661151803594551 0.14890599999999998
0.1231639868727269 -0.9750796064226699 -0.18452748704793548 0.212532
0.0 0.0 0.0 1.0
====================
0.863371814077831 0.1969644886299885 -0.4645364365415079 -0.060001
0.4893053678364565 -0.10210167166769796 0.8661151803594551 -0.005023069999999999
0.1231639868727269 -0.9750796064226699 -0.18452748704793548 0.203284
0.0 0.0 0.0 1.0
====================
