0.9410329500015717 0.2686761230679293 -0.2055970036370342 0.0676195
0.22444295026860675 -0.04107016199002639 0.9736213863041613 0.119072
0.25314491716418774 -0.962354603401106 -0.09895083742261435 0.17506
0.0 0.0 0.0 1.0
====================
0.9627215633797286 0.24115884182531896 -0.12251369071724849 0.0330405
0.14700988173286464 -0.08628744593452925 0.985364182090553 0.119557
0.2270578914651063 -0.9666420690636044 -0.11852351766570862 0.178962
0.0 0.0 0.0 1.0
====================
0.9733265966315556 0.11256012591061311 -0.19991386731445054 0.11252599999999999
0.1770843207926206 0.18541522470290744 0.9665724689736339 0.161334
0.14586459343874048 -0.9761923030342727 0.1605369361785432 0.115968
0.0 0.0 0.0 1.0
====================
0.9752401733330179 0.20840394875404925 -0.07398917799992541 0.133621
0.08512791304660824 -0.04498346217936089 0.9953540709469606 0.0532278
0.20410742940352303 -0.9770078209892066 -0.061610672681023826 0.152417
0.0 0.0 0.0 1.0
====================
0.9961262857985639 0.0861187851259101 0.017775758481567643 -0.0452853
-0.005776842953291145 -0.13762216908749536 0.990467953374134 0.0543089
0.08774423529013578 -0.9867338513622049 -0.13659156543966822 0.20552900000000002
0.0 0.0 0.0 1.0
====================
0.9672680576848361 0.0851280141181892 -0.23905172200780808 0.0161365
0.24833450937551965 -0.12385257112955872 0.9607239520683439 0.17039400000000002
0.05217735175174096 -0.9886423831886286 -0.14093885953591412 0.17836
0.0 0.0 0.0 1.0
====================
0.9920133145983685 0.11834530065973231 -0.043634544472426186 0.0786051
0.0865993171766056 -0.3875138572856871 0.917787322137386 0.0190196
0.09170682594062582 -0.9142359652864931 -0.3946675282469665 0.196336
0.0 0.0 0.0 1.0
====================
0.9806045827851169 0.11214942375933978 -0.16073941324788762 -0.0653936
0.1822652386716596 -0.2202296923915819 0.9582683681313249 0.0763804
0.07206965375794527 -0.9689795608471612 -0.236399187112927 0.22225999999999999
0.0 0.0 0.0 1.0
====================
0.983561627263714 0.11404806850937234 -0.1399984408614482 0.056637599999999996
0.1603101279672668 -0.19466400753360252 0.967681035797476 0.232226
0.08310949551930537 -0.9742171022109184 -0.20974710847658312 0.14864
0.0 0.0 0.0 1.0
====================
0.9664891043183554 0.19726902818363629 0.16426728753280898 0.195157
-0.10489003509614482 -0.2805787118812068 0.9540826311051954 0.17274
0.234300857385184 -0.9393404691370252 -0.2504847126473015 0.11521100000000001
0.0 0.0 0.0 1.0
====================
0.8656345746259908 0.2695652711845368 0.4219139103932076 0.123759
-0.27080862426557867 -0.45669665703107976 0.8474024147239736 0.033119
0.42111693415898765 -0.8477987544387193 -0.3223318162029487 0.21692799999999998
0.0 0.0 0.0 1.0
====================
0.9822479373049504 0.18183583423479882 0.04609467483674168 -0.0571693
0.00754652791825873 -0.28382867744638 0.95884531170331 0.0721403
0.1874354277519304 -0.94147597486456 -0.28016236216929186 0.264476
0.0 0.0 0.0 1.0
====================
0.9437642502079826 0.16157669402863595 -0.288447589652161 -0.14815799999999998
0.3077819729688486 -0.11074319761191381 0.9449900535445291 0.18201599999999998
0.12074476032013912 -0.9806267975787045 -0.15424586453375994 0.21264399999999997
0.0 0.0 0.0 1.0
====================
0.9451708732431872 0.06085438412081587 -0.3208562985293998 -0.0948234
0.31285784028097174 -0.4504925856055426 0.8361676877810807 0.0361605
-0.09365891387068886 -0.8907037522362354 -0.444831241714039 0.25826699999999997
0.0 0.0 0.0 1.0
====================
0.9592389560488841 0.279970570079343 -0.03843312487548543 0.0754116
0.15230830429991052 -0.3976316824387307 0.9048155754418854 -0.0242329
0.23803950436751636 -0.8737880320823763 -0.42406564273715364 0.253187
0.0 0.0 0.0 1.0
====================
0.9862405811222175 0.15598290716326912 0.0547617459601617 -0.0101662
0.016593180398741927 -0.42298359146576936 0.9059854014910911 0.182532
0.16448155675322726 -0.8926108973251523 -0.4197518355700436 0.19923400000000002
0.0 0.0 0.0 1.0
====================
0.9101729920393173 0.25430573829539294 0.32697662918354276 0.119243
-0.25385188794358193 -0.2813288599502933 0.9254260054410334 0.16167
0.32732910587003416 -0.9253013909149296 -0.19150193842679647 0.14532899999999999
0.0 0.0 0.0 1.0
====================
0.9843655953424049 -0.13754273578916693 -0.11002895317971448 -0.115977
0.08651976890652063 -0.16654291186211884 0.9822310258268411 0.159594
-0.15342328472091402 -0.976394108103955 -0.15203894686996294 0.1881
0.0 0.0 0.0 1.0
====================
0.9623422503137966 0.21970873560491194 -0.16007955759518086 0.0856259
0.18424085854233607 -0.09415744192890302 0.9783607116871507 0.09256779999999999
0.199881713282033 -0.9710110440300337 -0.13109101062675127 0.208308
0.0 0.0 0.0 1.0
====================
0.9950358539602234 0.07835374798958875 0.061354213462753104 0.0139591
-0.011737267916748624 -0.5198167644569359 0.8541971481639196 -0.011422300000000002
0.09882249680866964 -0.8506769196149068 -0.5163166591918121 0.256024
0.0 0.0 0.0 1.0
====================
0.9712536079445304 0.23301080732313117 0.04870721430502073 0.154886
0.08681639530281453 -0.5372434036928324 0.8389472204466534 -0.0362888
0.2216513987353972 -0.8106019299626438 -0.5420287525394563 0.19098299999999999
0.0 0.0 0.0 1.0
====================
0.9808716460369249 0.18341838213956219 -0.06518060366488582 -0.0213626
0.1134224459943517 -0.26640943243836995 0.9571631851740453 0.138346
0.15819659523982102 -0.9462471724666716 -0.2821172200581828 0.214226
0.0 0.0 0.0 1.0
====================
0.9610361500796012 0.1851567398367763 -0.20524741151399406 0.0769918
0.2549821368781414 -0.3070796957732409 0.9168893991735703 0.13455999999999999
0.10674093925591643 -0.933498281807112 -0.34232634977450194 0.127655
0.0 0.0 0.0 1.0
====================
0.9766644826712785 -0.07005777282849276 -0.203023143396893 -0.0668035
0.16416320184038447 -0.36599964371799604 0.9160211263719923 0.162423
-0.13848079812723954 -0.927974228771797 -0.3459579443883772 0.16779699999999997
0.0 0.0 0.0 1.0
====================
0.9432736103832092 -0.21742876475559383 -0.2509175725442162 -0.0669569
0.09958602488878096 -0.5356597557471704 0.8385411437250606 0.0284499
-0.3167294106985906 -0.8159616157208244 -0.4836208453621341 0.24413900000000002
0.0 0.0 0.0 1.0
====================
0.9848221954904743 0.06764829883619611 0.1598403920599893 0.0205812
-0.08296005220178412 -0.625446281883381 0.7758444291331426 -0.022201399999999996
0.15245613470109898 -0.7773291813272054 -0.6103412740829324 0.272804
0.0 0.0 0.0 1.0
====================
0.9696046577679869 0.2079417276240833 0.12894590163063294 0.0852335
-0.018602433719448253 -0.4628295190954182 0.8862521005411597 0.08241369999999999
0.24396876253803243 -0.8617128722298488 -0.4448934352618002 0.204899
0.0 0.0 0.0 1.0
====================
0.9938747028529622 0.07974099920340436 -0.07651436515438613 0.0522079
0.10578518106328136 -0.48611807684871616 0.867466835578349 0.205398
0.03197765620468224 -0.8702474294170299 -0.49157587521837015 0.12456899999999999
0.0 0.0 0.0 1.0
====================
0.990183004106702 -0.045670412492471155 -0.13210538142329617 0.0106476
0.0371153092415797 -0.8252796753592545 0.563503248667499 0.180385
-0.13475931210172057 -0.5628744716734725 -0.8154828366925818 0.40705800000000003
0.0 0.0 0.0 1.0
====================
0.9848565746195656 0.04089105050509421 0.16847981902057535 0.0663567
-0.10820443735694052 -0.6143098164872632 0.781610676170466 0.089481
0.13545968833894434 -0.7880046772424483 -0.600582468507982 0.17000900000000002
0.0 0.0 0.0 1.0
====================
