0.8859816482329972 0.45995186928898224 -0.05899827905890723 -0.00502901
0.09891341685747071 -0.06314758172029272 0.9930903880757578 0.310659
0.4530481817201366 -0.8856955802421338 -0.1014430095158268 0.158683
0.0 0.0 0.0 1.0
====================
0.9834587672621502 0.1690002456733849 -0.06517491893011829 -0.108473
0.07367933734628454 -0.044542425363193194 0.9962867697560662 0.297027
0.16546965988792128 -0.9846090032622594 -0.05625746485112648 0.184605
0.0 0.0 0.0 1.0
====================
0.9193580287443504 -0.06431776906012707 -0.3881288955571728 -0.186616
0.38548671812249924 -0.049875159339347 0.9213644548342528 0.211133
-0.07861809673635808 -0.9966823431083762 -0.021059482461583234 0.20999099999999998
0.0 0.0 0.0 1.0
====================
0.8319420821859806 0.3382332537807131 -0.43985297307733034 -0.0852112
0.5015912626855907 -0.11951776132477027 0.8568090276866777 0.244095
0.2372310626489071 -0.9334418946912694 -0.26908670006086016 0.298043
0.0 0.0 0.0 1.0
====================
0.9733666054414487 0.1504411919340302 -0.17298814751554412 -0.153513
0.10223942900176905 0.3905201876222248 0.9148994929591419 0.267318
0.20519393404480454 -0.9082188232078054 0.3647382878205217 0.18668600000000002
0.0 0.0 0.0 1.0
====================
0.7984086305727129 0.28503789654675504 -0.5303744490067435 -0.0709779
0.5701583263438769 -0.07474596780561682 0.8181274492385346 0.21632
0.1935539757477342 -0.9555974245617258 -0.22219455583619152 0.216494
0.0 0.0 0.0 1.0
====================
0.873194551623952 -0.2626225307328214 -0.410561422159625 -0.194594
0.43763867755120567 0.05178445257203723 0.8976584864986495 0.408121
-0.21448464496433628 -0.9635080574771041 0.16015167888979465 0.18618300000000002
0.0 0.0 0.0 1.0
====================
0.9077026590864233 0.18122336632575803 -0.37846264569306814 -0.0722098
0.3696851863254255 0.081322599752781 0.9255914313459177 0.389664
0.19851636128785993 -0.9800738371505533 0.006821146092761521 0.148775
0.0 0.0 0.0 1.0
====================
0.8197183763396569 0.4943243381057695 -0.2893185653347704 -0.08429500000000001
0.3141306473153719 0.034379000573001584 0.9487570925884177 0.343955
0.47894020494034784 -0.8685974516862773 -0.12710132578302719 0.32128999999999996
0.0 0.0 0.0 1.0
====================
0.8972393490896431 0.396147350612006 -0.1950098126974183 -0.195609
0.2876662252177855 -0.18939098918338493 0.9388179781433083 0.13931100000000002
0.334977153421161 -0.8984421683220504 -0.28388726083892624 0.35647199999999996
0.0 0.0 0.0 1.0
====================
0.828476446968714 0.31426627610586355 -0.4635336929724189 -0.057486800000000005
0.457285657884724 0.09819325162257347 0.8838822955737495 0.20759899999999998
0.3232902780954459 -0.944242973518119 -0.062358664599477476 0.225657
0.0 0.0 0.0 1.0
====================
0.8147518293260532 0.22435523982002606 -0.5346439777788101 -0.0219823
0.49158383776571224 0.2216589057927088 0.8421476473459467 0.34220799999999996
0.307448836487283 -0.9489636746725755 0.07030758916744556 0.175723
0.0 0.0 0.0 1.0
====================
0.9001570415132618 0.332851725381778 -0.2809395478113849 -0.0594116
0.2822807726086416 0.04541093165210752 0.9582564441223217 0.175858
0.3317150373883589 -0.9418851183646874 -0.05308067231656566 0.204133
0.0 0.0 0.0 1.0
====================
0.8404570888329173 0.2623965356507318 -0.4741096285765482 -0.0072856200000000005
0.40457757214860984 0.2781929536452463 0.871163399516113 0.425516
0.360484215944103 -0.9239895771168789 0.12764948662073516 0.18725899999999998
0.0 0.0 0.0 1.0
====================
0.9753490601419201 -0.21419508465755965 0.053053525696355616 -0.141116
-0.02691399256374745 0.12315750917808771 0.992022109097034 0.29742999999999997
-0.21902019971808895 -0.9689957139438699 0.11435671591060298 0.199661
0.0 0.0 0.0 1.0
====================
0.8317592950416035 0.5275714708771301 0.17275652875777667 0.0155043
-0.13649539458038007 -0.10728730215767851 0.9848139123987198 0.181732
0.538094306205001 -0.842708596083052 -0.017226134722860775 0.17999500000000002
0.0 0.0 0.0 1.0
====================
0.8895761870596139 0.19633610215454678 -0.4124395015117231 -0.034337599999999996
0.40039217943891536 0.09944614729498896 0.910931702397243 0.36355800000000005
0.21986429919528688 -0.9754807013872409 0.009853484684244462 0.224589
0.0 0.0 0.0 1.0
====================
0.9283731051200492 0.11364603108365944 -0.3538473644224158 -0.12526099999999998
0.3614868138083871 -0.05499344481352492 0.9307539978266021 0.159606
0.0863172122604669 -0.9919981354047364 -0.09213597680118119 0.233959
0.0 0.0 0.0 1.0
====================
0.9607486524832971 0.2408988758706677 0.13758545837325034 -0.0527836
-0.13836784601603438 -0.013749162719987329 0.9902854637494091 0.359844
0.24045033986337336 -0.9704528283892772 0.020123169005906882 0.185272
0.0 0.0 0.0 1.0
====================
0.8829988426871553 0.2713551168897684 -0.38298752505908645 0.0075055899999999995
0.2800783521773926 0.35016414476532093 0.893835101325948 0.271196
0.37665522756858255 -0.8965218749470152 0.23319384058492582 0.16960799999999998
0.0 0.0 0.0 1.0
====================
0.9687934684433267 0.15813746719838795 -0.19087104801312374 -0.124139
0.15349743910074043 0.22187003443920772 0.9629185967710145 0.44394399999999995
0.19462207400771345 -0.962167464262861 0.19067254396717048 0.277653
0.0 0.0 0.0 1.0
====================
0.9831539813838287 -0.07599416439098752 0.1662321745861553 -0.0687748
-0.18096707604210824 -0.27696405647646294 0.9436852382065075 0.334206
-0.025674233735328372 -0.9578704496948522 -0.2860507565511504 0.17671399999999998
0.0 0.0 0.0 1.0
====================
0.9858838157871579 0.12022887104944559 0.11652519184764004 -0.127621
-0.09921556581489767 -0.14109492099746163 0.9850119262063531 0.19313199999999997
0.13486798459598648 -0.9826684292450308 -0.12717462363270798 0.272642
0.0 0.0 0.0 1.0
====================
0.9074974167405104 0.4083341840191652 0.0985476167682583 0.0358352
-0.04194515158739409 -0.14534271138635585 0.9884918312789305 0.208277
0.41795818315665445 -0.9011873780786467 -0.1147704958781805 0.14657299999999998
0.0 0.0 0.0 1.0
====================
0.9564062288268931 0.0948063625157961 -0.2762225173436158 -0.04982929999999999
0.24954752532293406 0.22601158539203664 0.9416181794516171 0.459701
0.1517008835383639 -0.9695001376457363 0.19250019490529918 0.190991
0.0 0.0 0.0 1.0
====================
0.9949519031500881 -0.10021748036613323 -0.005212201749904173 -0.0873606
-0.03247223423417541 -0.37065677213904846 0.9282020853625047 0.25756799999999996
-0.09495401214197771 -0.9233471795032059 -0.37203994635202287 0.198581
0.0 0.0 0.0 1.0
====================
0.9798752268739521 0.1873470060323132 0.06888859912532556 -0.025141900000000002
0.030061717172253352 -0.47968216857000684 0.8769271978429175 0.120716
0.19733431764236253 -0.8572083273549694 -0.47566064646333667 0.152515
0.0 0.0 0.0 1.0
====================
0.7677972022167461 0.6275886696024504 -0.12891826113768276 0.0490907
0.19949984525488712 -0.04297438750556348 0.9789550621769101 0.118802
0.6088409217615169 -0.777358130982849 -0.1581994569631593 0.156801
0.0 0.0 0.0 1.0
====================
0.9895825019947295 0.0432625007818648 -0.13731288276032436 -0.151439
0.13869509434689828 -0.030742646292917897 0.989857848634345 0.14595
0.03860236456431678 -0.998590629700183 -0.03642268146410821 0.18324400000000002
0.0 0.0 0.0 1.0
====================
0.9125023188759289 0.24386425045576526 -0.3284352986444976 0.0011559300000000001
0.3600863249414738 -0.09786913242662454 0.927771238780446 0.267635
0.19410656000299398 -0.9648584664435027 -0.1771179920168937 0.14572
0.0 0.0 0.0 1.0
====================
