0.08233335079576541 -0.944521996365296 0.31796134628104966 0.33254690493090616
-0.988959697708824 -0.03798960171453604 0.14323235133601198 -0.08207230474507507
-0.12320688152215076 -0.32624375632904773 -0.9372219992093122 0.6080097424446244
0.0 0.0 0.0 1.0
====================
-0.14393204901185525 -0.8976256800530075 0.4165953717657279 0.41619775853261554
-0.9891114832927553 0.1435506122084082 -0.032429852805664655 -0.1694184034318714
-0.03069265198145596 -0.4167269612635681 -0.9085134015909606 0.5800227093526319
0.0 0.0 0.0 1.0
====================
-0.136395265704663 -0.932925322715169 0.33323666324423534 0.44220079499911025
-0.933948768791004 0.008920551597590937 -0.35729556536985196 -0.25539564400013215
0.3303574257786887 -0.3599593949266948 -0.8725211775291678 0.6244747736737222
0.0 0.0 0.0 1.0
====================
-0.3672664762347671 -0.7921557044118944 0.4874471001060448 0.52700604599458
-0.8669721572960533 0.48135956759453996 0.12904357852533652 -0.030937050535352888
-0.33685993217882776 -0.3752096835809181 -0.8635641721606927 0.6062182725841752
0.0 0.0 0.0 1.0
====================
-0.03622863898310823 -0.9069340267122835 0.41971199281039695 0.5343104832658132
-0.9908288329871059 -0.022109667650619377 -0.13330186164412336 -0.21691236596882055
0.13017568681916555 -0.42069208904829936 -0.8978153801162777 0.6283739081574407
0.0 0.0 0.0 1.0
====================
-0.027742057002410985 -0.9215000995339452 0.38738604109105956 0.40460583460693816
-0.9987201632081365 0.041946290165197866 0.02825852690587541 -0.16182501937458335
-0.04228964264199969 -0.3861063005187899 -0.9214844061756584 0.5344461440927176
0.0 0.0 0.0 1.0
====================
-0.08559095217815338 -0.8239928022415529 0.5600982509875835 0.5281600955683124
-0.9847308089945347 -0.0155697114048442 -0.1733863255961644 -0.22274455484747407
0.15158965242458444 -0.5663863045138741 -0.8100784723327185 0.627276666837955
0.0 0.0 0.0 1.0
====================
-0.21452105739797722 -0.9019547895400516 0.374777632148205 0.49954089288541087
-0.9206266571221288 0.31488572961351513 0.23085392671968707 -0.03869564314712312
-0.326231933030763 -0.2955072501843664 -0.8979132424457757 0.6233304832961178
0.0 0.0 0.0 1.0
====================
-0.040406357819810224 -0.942490285620936 0.33178213899772224 0.4041272443671449
-0.9958618131267617 0.010934539081418008 -0.09022020289799709 -0.3016411072818487
0.08140378003272503 -0.3340546323062193 -0.9390319095915434 0.6236943562158808
0.0 0.0 0.0 1.0
====================
-0.2301623578059056 -0.7733222150815954 0.5907605612348551 0.5284196975273366
-0.9639130806344681 0.2646159681968906 -0.029154113894809874 -0.21419267377699014
-0.13377915394782416 -0.5761520120910077 -0.8063200338156603 0.5720209585337801
0.0 0.0 0.0 1.0
====================
0.4248185332779641 -0.9004253584426768 0.09361296735461351 0.4094602340337062
-0.8932614503389106 -0.4001389850433004 0.20487257988062482 -0.2451483530274282
-0.14701426842992088 -0.17065452388347077 -0.9743017183378673 0.6624174044256783
0.0 0.0 0.0 1.0
====================
-0.22563727953801502 -0.8707646586058032 0.43687152276819663 0.5230489770985275
-0.9735581838727471 0.18512404006038954 -0.1338415197392714 -0.27697524466780127
0.03566904396086548 -0.45551948269512965 -0.8895109443891511 0.5905706454182847
0.0 0.0 0.0 1.0
====================
0.05979329178804191 -0.9912924999791649 0.11731982672254514 0.5035439518756017
-0.9753098134214032 -0.0329858172930875 0.21836369593276053 -0.12683267051695674
-0.21259240367674975 -0.12747986249821966 -0.9687896337989881 0.5750237948558952
0.0 0.0 0.0 1.0
====================
-0.017478333541501172 -0.9520364364864755 0.305485075672684 0.4726246216412287
-0.9867067674273129 0.06579556551059186 0.14859575590266508 -0.16248134555158336
-0.1615681372355176 -0.2988269853297638 -0.9405307915581342 0.6057838996105935
0.0 0.0 0.0 1.0
====================
0.21643311056790537 -0.8854058025849316 0.4113554100760489 0.5285859448755993
-0.9368276955122721 -0.30694058570927607 -0.1677538248911556 -0.2564241818423822
0.2747918804678675 -0.349061658727194 -0.8959047833534284 0.6024690002585696
0.0 0.0 0.0 1.0
====================
-0.058585259306397464 -0.9521310364074392 0.3000237605618895 0.40066923928137266
-0.9878047950384136 0.09871928721811618 0.12040012138808207 -0.12533787094163298
-0.14425482415198454 -0.2893112369764488 -0.9463030983083789 0.5932822893229639
0.0 0.0 0.0 1.0
====================
0.026598177866946383 -0.8549540947950917 0.5180212666747033 0.5724061452931385
-0.9993859443194232 -0.010918198844065106 0.03329455256910194 -0.0616707892139932
-0.02280945485831526 -0.5185887472044753 -0.8547195095713913 0.5853308283605779
0.0 0.0 0.0 1.0
====================
0.019675838500697904 -0.9401471428991213 0.34020025143717114 0.4850754438397898
-0.9857852778472938 -0.07502804567044259 -0.15032690491860876 -0.2872349294163789
0.16685397016202194 -0.3324065914832226 -0.9282594521897839 0.606860361775261
0.0 0.0 0.0 1.0
====================
-0.06706895467338875 -0.7944795246114874 0.6035760435041501 0.5920405952802675
-0.9972864910839089 0.034976262244504515 -0.06477897638082791 -0.1306210132665516
0.03035473637775732 -0.606282892759237 -0.7946695186849235 0.5618219248509989
0.0 0.0 0.0 1.0
====================
0.16392124797297863 -0.9137439917168375 0.37175494894400707 0.4074055932017276
-0.9853731500625484 -0.13387251434121789 0.10544147684744881 -0.10145801295419442
-0.04657874621318106 -0.38360144356524584 -0.9223233450888401 0.5804585056818228
0.0 0.0 0.0 1.0
====================
0.07296183825229031 -0.7906018512611388 0.6079681594798421 0.45565499179202923
-0.8703283654233687 -0.34816025344626034 -0.3483001209585247 -0.2351656417194832
0.4870370689160464 -0.5037193173809159 -0.7134856290066187 0.6438437106237815
0.0 0.0 0.0 1.0
====================
-0.22132149268203435 -0.7236588001173146 0.6537084502205588 0.5099291535724352
-0.9261796948245887 0.3658349211790649 0.09141106793238482 0.004957958852071852
-0.30529980309791876 -0.5852202589270777 -0.7512052174803476 0.6121697659456675
0.0 0.0 0.0 1.0
====================
0.050377517167920514 -0.8428897188527031 0.5357229018964997 0.49260824859957414
-0.9477896226809746 -0.2094721427460878 -0.2404501040790342 -0.22061287072969055
0.3148919448036923 -0.4956393278037704 -0.8094348150604685 0.5662050786470286
0.0 0.0 0.0 1.0
====================
-0.4435400034995147 -0.7504346283414302 0.49002054434657105 0.5698190812886682
-0.8695663724775832 0.4927471575039858 -0.03247403005355079 -0.07713174433224981
-0.2170865936713439 -0.44050891859053376 -0.8711057935121148 0.6042401456598007
0.0 0.0 0.0 1.0
====================
0.24310626962990298 -0.9657071075037538 0.09115439749878036 0.41141397368316046
-0.9699918521825102 -0.2416514337095064 0.02684010591787922 -0.1905127070706759
-0.0038920902065430057 -0.09494402089058986 -0.9954750044732167 0.6028582045836527
0.0 0.0 0.0 1.0
====================
-0.10267004030412741 -0.8874858154293996 0.4492524793872176 0.45116294837262655
-0.9823685942185372 0.1614040657346405 0.09434337633041812 0.023190138434313615
-0.15623958498742854 -0.43164528837454175 -0.888409554826497 0.5580146995753816
0.0 0.0 0.0 1.0
====================
0.20901438227062363 -0.9218655815435443 0.32630788769107716 0.36045760889737194
-0.9133334022263487 -0.30327047863577195 -0.2717519331406356 -0.27567419722376285
0.34947830316297507 -0.241227830801947 -0.9053585197395089 0.6021992310798716
0.0 0.0 0.0 1.0
====================
-0.1653381452611097 -0.8473267295684216 0.5046788197264664 0.5069138797705834
-0.9834984713874174 0.10354857176077648 -0.14835245217021745 -0.1028568729881591
0.07344422714025603 -0.520879167029347 -0.8504650720956061 0.5612451060275784
0.0 0.0 0.0 1.0
====================
-0.21526423643654247 -0.9764204479315511 -0.016260915489016165 0.38774660913457537
-0.9762462802696442 0.2155853940620629 -0.021590232207822364 -0.11491725770453459
0.024586760076817576 0.011227053409226547 -0.9996346555120379 0.6643704225527337
0.0 0.0 0.0 1.0
====================
0.13980132229297879 -0.9610956793362019 0.2382240236550865 0.5298356675649485
-0.965275953036255 -0.18590049397710176 -0.18353021775451345 -0.19345358286246198
0.22067606298618853 -0.20429415434699566 -0.9537116827031961 0.6340350393606469
0.0 0.0 0.0 1.0
====================
