-0.963231559731607 -0.23209711818008041 0.1353362112278812 0.5618941163643525
-0.23543968295464482 0.9718471544934997 -0.009014654353007068 0.021978835801300882
-0.1294338364850251 -0.040546714236663506 -0.9907587223625025 0.6234892492121544
0.0 0.0 0.0 1.0
====================
-0.9883865712871418 -0.04382401171305737 0.1455040951197652 0.6137051214746376
-0.08632596940860209 0.9499332936768003 -0.300290800008943 -0.10591727020818956
-0.1250592367836657 -0.30936417627404716 -0.9426844613832177 0.5603542980215193
0.0 0.0 0.0 1.0
====================
-0.945855142402424 -0.23374116508759238 -0.22521793297689494 0.49890340428880664
-0.2631008193115096 0.9584503783581766 0.11023080831909293 0.0324994067260307
0.19009473550969955 0.16351739958965567 -0.9680527111490027 0.6184116792709318
0.0 0.0 0.0 1.0
====================
-0.9531899010548305 -0.11980390261618794 0.27762571466817243 0.6342798528640615
-0.18638317807867527 0.9557810958912895 -0.22747265256759663 -0.059907496407074545
-0.238097298297094 -0.26856939820980474 -0.933370320338529 0.5486339046497637
0.0 0.0 0.0 1.0
====================
-0.943184843081276 -0.23246246527566683 0.2374100967096979 0.5642464624964958
-0.30113705668331214 0.9000156074258728 -0.31510058629261395 -0.2769431464111003
-0.1404237332998249 -0.36869107478727603 -0.9188841420431321 0.574322319892727
0.0 0.0 0.0 1.0
====================
-0.967596450859685 -0.2487622848756296 0.04329473301912653 0.6194519590146472
-0.2524479329923672 0.9566021171681542 -0.14554185156609167 -0.06806878799698883
-0.005210509727715737 -0.15175544488703224 -0.9884043380800775 0.542139008507087
0.0 0.0 0.0 1.0
====================
-0.9988887262976899 -0.008026680689493138 0.046442274626549394 0.5949730283508435
-0.023564808443026705 0.9384373840559755 -0.3446447098233499 -0.19813043012462583
-0.04081681367307317 -0.3453561185259159 -0.9375836704626906 0.5592076067757438
0.0 0.0 0.0 1.0
====================
-0.9450976351483433 -0.0030634636853913294 0.326773737052501 0.6528421207645598
-0.1351024292775218 0.9141609397354888 -0.3821741878584164 -0.22880659990488475
-0.2975530097987936 -0.4053398468596151 -0.8643852236748977 0.5086008324015696
0.0 0.0 0.0 1.0
====================
-0.9982608461437174 -0.031228032307197735 -0.05000093053784634 0.5091229798793095
-0.022990228990028512 0.987238204062998 -0.15758228900943314 -0.16291556909072313
0.054283813677890876 -0.15615869632104087 -0.9862391845469826 0.577422904823377
0.0 0.0 0.0 1.0
====================
-0.9423756621967481 -0.2029162643478949 0.26599455062526317 0.6510747806480741
-0.2948002757949368 0.8795619775540606 -0.37344815574912055 -0.12007525936180298
-0.15817998827433777 -0.43034371995450965 -0.888697571733627 0.5059520156113887
0.0 0.0 0.0 1.0
====================
-0.9781135065827613 0.19812434997964853 0.06356658072852431 0.5505710050143618
0.15280302291789624 0.8913194660117425 -0.42684991003360295 -0.26900787007818455
-0.14122749175541965 -0.4077944965956306 -0.9020856079767534 0.5332759710651165
0.0 0.0 0.0 1.0
====================
-0.8700881912799091 -0.12870688374185615 0.4757952053906356 0.6483142256098549
-0.18406998944405042 0.9803145630702478 -0.07142546057573981 -0.16734515697628602
-0.45723602043290934 -0.14972606823746398 -0.8766511997988861 0.49919896747696346
0.0 0.0 0.0 1.0
====================
-0.9881011154361223 -0.1404965203649161 0.06258524937428975 0.5528941671095994
-0.14036309504819244 0.9900784609265914 0.006545437932224748 -0.04766903240557705
-0.0628839186309458 -0.002317104784689078 -0.9980181580527652 0.5443292616741076
0.0 0.0 0.0 1.0
====================
-0.9750961122026058 0.006959743307524392 0.22167348497386063 0.5949634267965456
-0.10460944562035707 0.8669050101763995 -0.4873731293557923 -0.23786342717410042
-0.19556184662240383 -0.4984247839986989 -0.8445876501829077 0.4791420179502597
0.0 0.0 0.0 1.0
====================
-0.9904470233927222 -0.02334943769441653 0.13590252982138074 0.5040079822178831
-0.07591136745495168 0.9151020397392206 -0.39601227399695255 -0.3094501976640171
-0.11511801832734969 -0.40254572488659307 -0.9081325791050069 0.5453327070266295
0.0 0.0 0.0 1.0
====================
-0.8533623748335599 -0.2774946918430668 0.4413268099915845 0.6626785281655801
-0.4253537515125824 0.860074547612431 -0.28168414691537813 -0.2198947002985852
-0.3014081009073894 -0.4280986668376736 -0.8519886666847203 0.46369942366818057
0.0 0.0 0.0 1.0
====================
-0.9539721821783171 0.26469032236924334 0.14098265451468067 0.6323163985353182
0.21561391335020855 0.9321034018129104 -0.2910221446876659 -0.04814106878199925
-0.20844115716371503 -0.24722920857549585 -0.9462716324752558 0.4988917720279033
0.0 0.0 0.0 1.0
====================
-0.9640062559237408 -0.2193460478425351 0.15026393391546583 0.5265673939357977
-0.2474876153440795 0.9468193301493624 -0.20562839372716385 -0.17892019260253306
-0.09716902176718728 -0.23541552062549503 -0.9670251878092084 0.5206187164109238
0.0 0.0 0.0 1.0
====================
-0.9637063676586226 -0.07803003895827684 0.25530638447636517 0.5363561844795165
-0.06788333240954333 0.9965219666285532 0.048330354930795225 -0.21659984942509833
-0.25818963982933013 0.029245222634320903 -0.9656515038241644 0.6609689341316841
0.0 0.0 0.0 1.0
====================
-0.9560066064950312 -0.0045716463220859625 0.29330950954198587 0.6117088687806922
-0.00491033868542967 0.9999878566772575 -0.00041841608368348984 -0.2767708985125856
-0.293304034939598 -0.0018402575717736103 -0.9560174457300559 0.5204733070011557
0.0 0.0 0.0 1.0
====================
-0.9167034066017841 0.03219969658425208 0.39826880855091695 0.6974179455676092
-0.10713662417686613 0.9404414143997886 -0.32263243767747596 -0.15895299576187452
-0.38493714822639524 -0.33842743036226774 -0.8586560814981299 0.4576402972837511
0.0 0.0 0.0 1.0
====================
-0.9896160127762297 0.09681017896383694 0.10624470107194704 0.5907950354033883
0.07244331551906354 0.9743507440100418 -0.2130553770353695 -0.03186080751732031
-0.12414553271657795 -0.203146294320295 -0.9712463486729046 0.49666179931669874
0.0 0.0 0.0 1.0
====================
-0.9715936561616973 -0.18194223656762906 0.15133667717746122 0.5258388605836559
-0.20593653284745725 0.9650844223947082 -0.1618709426976977 -0.22495076045436802
-0.11660150833121488 -0.1884385316325779 -0.9751384558364233 0.5473501735863079
0.0 0.0 0.0 1.0
====================
-0.9423323250073505 -0.0032754963245569396 0.33466260676996634 0.6813656182214359
-0.08095356103155459 0.9724893905770429 -0.21842826321564335 -0.18544721963094604
-0.3247403735333069 -0.23292414288544633 -0.9166733515590648 0.46752951764113193
0.0 0.0 0.0 1.0
====================
-0.9771292984310476 -0.061724653217640514 0.20349054359554572 0.5513821855085899
-0.12472201109441178 0.9414164468193902 -0.3133360713459582 -0.32768985117596744
-0.17222878416865775 -0.3315496054033483 -0.9275840150954897 0.5417032196611443
0.0 0.0 0.0 1.0
====================
-0.9387969565048595 -0.3271042701687645 0.1079956985003229 0.6486892829092334
-0.3338317197345588 0.9412491082752936 -0.05105388398576142 -0.19025728795713015
-0.08495091145055314 -0.08398162065788273 -0.9928395792047151 0.5004337859552016
0.0 0.0 0.0 1.0
====================
-0.9912140347806281 -0.1322109418489127 0.00387351382228674 0.49993362250820533
-0.1317675284818129 0.9844980730373215 -0.1157620949343775 -0.11747074921273859
0.011491548707752569 -0.1152554165374653 -0.9932694162547607 0.6143708619400514
0.0 0.0 0.0 1.0
====================
-0.9999844802911675 0.0024797140517276496 -0.004989007418897821 0.557809356893496
0.0037888281322585745 0.9592124516487937 -0.28266078147365153 0.02307866592630474
0.004084600125882467 -0.2826752971522854 -0.9592069601611943 0.5169174638265135
0.0 0.0 0.0 1.0
====================
-0.9934329030386668 -0.11001879276781512 -0.03141548022996771 0.5037163848341961
-0.08936756110124422 0.9175758991489649 -0.3873859939695602 -0.1897135046500501
0.07144582691090026 -0.3820344677367231 -0.921382200434834 0.5613384666907607
0.0 0.0 0.0 1.0
====================
-0.9147984166485725 -0.3122033929651292 0.25626724004118534 0.6483647418158077
-0.392641053979216 0.8361939123298809 -0.38290043576958527 -0.11992603941220421
-0.09474629083692841 -0.4508977516061807 -0.8875327362802656 0.46508241885842605
0.0 0.0 0.0 1.0
====================
