0.004636434062295511 -0.8103533417449146 0.5859231732932537 0.4320543247864598
-0.9995253708065902 -0.021600405587506658 -0.02196487178209633 -0.09845989475234038
0.03045548543587351 -0.5855432383704089 -0.8100688732481706 0.6287724962792228
0.0 0.0 0.0 1.0
====================
-0.11137456103132069 -0.9813137086010627 0.15690478790243859 0.37876267191998914
-0.9930424862746089 0.10382069496299763 -0.05556872997418237 -0.05628400455622151
0.03824039237016303 -0.16200206359497032 -0.9860491893320269 0.63800675329679
0.0 0.0 0.0 1.0
====================
-0.14959869141778903 -0.9745210388585775 0.16711964680457103 0.37579765320428415
-0.9887070815094287 0.1489553436416332 -0.016450306188989947 -0.06781777422229515
-0.008862194942207066 -0.16769332253432873 -0.9857993766878758 0.6395054303326544
0.0 0.0 0.0 1.0
====================
-0.22808419509395653 -0.9729952564694977 0.03546591090327056 0.33193164173393214
-0.9735778647894078 0.22750178122165096 -0.019725129481803598 -0.09612299941726049
0.011123899515899115 -0.03902781609099877 -0.9991762048961771 0.6384951390587763
0.0 0.0 0.0 1.0
====================
-0.263325761971551 -0.9640731069753482 -0.03496551857188673 0.3082646114919305
-0.9229071937426073 0.2623040082432858 -0.28184910678881325 -0.15711170903501617
0.2808947397518288 -0.04194820218323028 -0.9588214085601904 0.6246996900451718
0.0 0.0 0.0 1.0
====================
-0.3510732603879118 -0.9293096979567926 0.11459079860118153 0.2922535346889319
-0.8919679314223025 0.29468944915838463 -0.3428576058204727 -0.26667902328856713
0.2848521987888109 -0.2225794551125124 -0.9323720346551568 0.6149097338865321
0.0 0.0 0.0 1.0
====================
-0.07744178851208236 -0.9940510791656051 0.07658473347701888 0.21310166256829083
-0.9887267024777594 0.06669898166947122 -0.13405503963563645 -0.24137661010309858
0.12814943308304735 -0.0861028330193127 -0.9880101340302853 0.6157427107162184
0.0 0.0 0.0 1.0
====================
0.10008075261268168 -0.9845895197009312 0.14341311185372418 0.25466237212996196
-0.9942848651450306 -0.10435085271018851 -0.022550088296614784 -0.1739842942252547
0.03716786111693529 -0.1403366567713017 -0.9894059696940615 0.599695785085145
0.0 0.0 0.0 1.0
====================
0.06869892051543994 -0.9776433652897504 0.1987307440356043 0.34284342192586886
-0.9969950751016875 -0.07442603804728251 -0.02148453126239709 -0.13212167372250702
0.0357949513618014 -0.19665760896928464 -0.9798186088718106 0.6041465565992452
0.0 0.0 0.0 1.0
====================
0.13805497971652173 -0.9864991966452784 0.08809175667275246 0.35635538415208673
-0.9887635077807956 -0.13212813983744717 0.06992052877455149 -0.08631203354346687
-0.05733714552092431 -0.0967547915160622 -0.9936553537631628 0.5498337779964833
0.0 0.0 0.0 1.0
====================
-0.321472670631686 -0.8891409105386878 0.32570502489732117 0.4092763487288146
-0.9318871841887317 0.3581097470052001 0.05782460587559768 -0.06274496468707269
-0.16805236678407176 -0.2849313080486323 -0.9437015162179019 0.561757718965515
0.0 0.0 0.0 1.0
====================
-0.2819835163903842 -0.8816506218920174 0.37838799849035065 0.46338991210027813
-0.9561163545125281 0.29093180507021277 -0.034643923453644976 -0.07521405553287218
-0.0795412667600171 -0.37155196906490406 -0.9249985519805991 0.6375450017585622
0.0 0.0 0.0 1.0
====================
-0.13940219679803068 -0.9325937160916737 0.3329203932386932 0.48415019388118474
-0.9898941455919934 0.12241077794602417 -0.07159037620621206 -0.12282211090945053
0.02601169065210751 -0.33953580392791005 -0.940233391132461 0.6399423789132137
0.0 0.0 0.0 1.0
====================
-0.13802753770557175 -0.9123406737322546 0.38546451702940593 0.5290122010859277
-0.9896547590291116 0.11166612499977337 -0.09007849054333839 -0.12896038522954872
0.03913894180951094 -0.3939101059649412 -0.918315289893793 0.6464039084982952
0.0 0.0 0.0 1.0
====================
-0.23675942969917488 -0.89143966678306 0.3863680796005651 0.5116742647093556
-0.9697440807132107 0.1924671813870423 -0.15017590356184746 -0.17819015859298484
0.05950958217137309 -0.41023371945103987 -0.9100367602768331 0.6359198899702122
0.0 0.0 0.0 1.0
====================
0.26201264567881594 -0.902836788521637 0.34093270127156283 0.49048225121759315
-0.9386060203029406 -0.32055275616848006 -0.1275330120551819 -0.20763875703862872
0.22442841209495612 -0.28658622403166634 -0.9313969207807208 0.6345370019106565
0.0 0.0 0.0 1.0
====================
0.11227466593763333 -0.9668645769200344 0.229275574987472 0.38921036036783213
-0.9676005991031311 -0.15889071044578465 -0.196221361602899 -0.27179269487360075
0.2261492427664852 -0.19981649589379974 -0.9533781453153143 0.6302764199798141
0.0 0.0 0.0 1.0
====================
-0.02421537495260004 -0.9853097226158779 0.16905137128851364 0.30399834055714015
-0.9865582709940269 -0.0037829493891948472 -0.16336605286042488 -0.2993829150919378
0.1616056730105145 -0.17073499879210674 -0.9719738507996386 0.6132104534631034
0.0 0.0 0.0 1.0
====================
-0.12018882245121319 -0.9848311833738446 0.1251486604493376 0.3050964874003338
-0.9924568649939485 0.11612593099522474 -0.03929553762039301 -0.14615699656508252
0.024166466108518497 -0.12892753160192413 -0.9913595077018531 0.6070103228414667
0.0 0.0 0.0 1.0
====================
-0.12036392787737762 -0.9899120564004223 0.07474386569489862 0.3202203625541842
-0.9921516254925332 0.12252172873142772 0.02497154422912695 -0.03779041092067535
-0.033877380336357774 -0.07115157469620785 -0.9968900523727762 0.5832453077630234
0.0 0.0 0.0 1.0
====================
-0.06681989108147071 -0.8817590962733637 0.4669432495443543 0.339186313566511
-0.9977591642738337 0.06065860833321099 -0.028234435405350977 -0.05126033824856035
-0.0034281574411368365 -0.46778352832721554 -0.8838364205905411 0.5743744259703806
0.0 0.0 0.0 1.0
====================
-0.23253648255207854 -0.8187463726436008 0.5249582474495023 0.3265562019862721
-0.9725370461746101 0.19023701842044755 -0.13409537889302026 -0.1494821236753459
0.009923613266912767 -0.5417234110738101 -0.84049822593167 0.5726050694063949
0.0 0.0 0.0 1.0
====================
-0.2798010415105514 -0.7866841253806269 0.550308517146272 0.3193120420444794
-0.9503423673614138 0.14561149994058684 -0.2750394078726831 -0.24416850004729662
0.13623788741577836 -0.5999378117431594 -0.788361503419158 0.5728877965990178
0.0 0.0 0.0 1.0
====================
-0.10377595471107907 -0.8450806084229502 0.5244705106021694 0.3810947116973656
-0.9288444076450638 -0.10620683319850215 -0.3549199557202105 -0.29532005615112183
0.35563832415853985 -0.523983657998455 -0.7739266816309303 0.6044508937666023
0.0 0.0 0.0 1.0
====================
0.09265383702711248 -0.8197758057132168 0.5651397126829786 0.4219311918430898
-0.9262205215476768 -0.27926141891336304 -0.2532362639324094 -0.230133958030034
0.3654186803491346 -0.4999806879007843 -0.7851678163158214 0.6057135629995307
0.0 0.0 0.0 1.0
====================
0.2788113358248132 -0.7441425602471773 0.6070552602888468 0.45869934777174337
-0.9012386048368263 -0.4210861219746921 -0.10225191945428633 -0.133393519406886
0.33171255051226856 -0.5185926415878759 -0.788053586961924 0.6043719728571545
0.0 0.0 0.0 1.0
====================
-0.2158625486651149 -0.8179142641846402 0.5333100566528814 0.4274364382113747
-0.9658866251587754 0.2588934178313783 0.006101273881652103 -0.06241609989768766
-0.14306078226821092 -0.5138000142534895 -0.845897841308229 0.5878406329274843
0.0 0.0 0.0 1.0
====================
-0.2702754741847006 -0.8870808727036384 0.3742174412525251 0.3567187772894327
-0.9534235835844665 0.3006679624104736 0.024129787501930094 -0.08131410315352448
-0.13392026851522332 -0.3502660441197317 -0.9270270006949771 0.5982916379243052
0.0 0.0 0.0 1.0
====================
