0.15018992455206087 -0.987991288407334 0.0362794789690032 0.4143633749775849
-0.9507714312277294 -0.1342762346225988 0.2792912071239475 -0.08853496504161586
-0.27106580773720096 -0.07644021746955518 -0.9595208288666722 0.6125249943981921
0.0 0.0 0.0 1.0
====================
-0.0070310559377307034 -0.9873380775134235 0.15847424063392015 0.4131566148407799
-0.9895721126633474 0.02967025523467368 0.14094931639886926 -0.16496110028362737
-0.1438665982478203 -0.15583066657884276 -0.9772508405021681 0.6206562299422905
0.0 0.0 0.0 1.0
====================
0.10352031253305932 -0.9763451876634549 -0.18982523388493738 0.3815629228091506
-0.9797564410084475 -0.13297712960040695 0.14964758369481754 -0.010514928571101586
-0.17135011291364405 0.17049093093079773 -0.9703463202768544 0.5735452968195657
0.0 0.0 0.0 1.0
====================
-0.05128098660954645 -0.9953449609015411 0.08160066923904985 0.49567768328607975
-0.9737046842909772 0.06799157306386822 0.21743121620896305 -0.02545947443278251
-0.22196722326091228 -0.06830486659243225 -0.9726587258631005 0.6009773944278058
0.0 0.0 0.0 1.0
====================
-0.07430512762182277 -0.9819953511301637 0.17367751255661026 0.46578745321546533
-0.9944365449844131 0.08600363719496314 0.06082213732433875 -0.19672355901019065
-0.07466395387714342 -0.1681918688521655 -0.9829225754063481 0.646582022644602
0.0 0.0 0.0 1.0
====================
0.1804639584797868 -0.9710728537280973 0.15636582888270537 0.34631803408497414
-0.978392798014482 -0.1609209668590158 0.12981515789210868 -0.11230833449520207
-0.1008974354639371 -0.17641415809829225 -0.9791311211167132 0.5955415883466917
0.0 0.0 0.0 1.0
====================
-0.0045334149348428 -0.9298930248546587 0.36780213495258746 0.509262655223531
-0.9893448765235894 0.05769454327908244 0.13367144411706433 -0.051304013717152264
-0.1455203196998684 -0.363277169668658 -0.9202464531591398 0.6039687447442463
0.0 0.0 0.0 1.0
====================
0.10917822677633453 -0.9744729962009429 0.19616955541860503 0.44760770966047225
-0.9886777891664025 -0.08601857272900622 0.12295134954403644 -0.2141950272168498
-0.10293854480713449 -0.20737209267599763 -0.972831162726692 0.6456235854254574
0.0 0.0 0.0 1.0
====================
0.024476140702734933 -0.9764420216535878 0.21438725914884393 0.2752322473853391
-0.9918665985971558 0.0030750010853956844 0.12724462643126683 -0.07398295269810284
-0.12490624133167949 -0.2157580188947295 -0.9684249625856477 0.5640461669507105
0.0 0.0 0.0 1.0
====================
-0.31637074761817463 -0.9080663931990849 0.2744539589693011 0.3657158798174306
-0.8974017895298576 0.38027783245950086 0.22373823608966223 0.10098731508950874
-0.30753792969343946 -0.17551124090014678 -0.935209188426613 0.5141398033243586
0.0 0.0 0.0 1.0
====================
-0.3133986470771297 -0.83927900761209 0.44428823458638916 0.5144043837614491
-0.8301284312769146 0.46933276859105144 0.3010208296985236 0.011606384294397221
-0.46115949041080534 -0.2744767744424367 -0.8437976206980689 0.6194801987790581
0.0 0.0 0.0 1.0
====================
-0.012625196446211826 -0.957190814071626 0.28918220877431694 0.44056537167069626
-0.9782628738170055 0.07168953677320447 0.19458252755203176 -0.1948895905741677
-0.20698394654172675 -0.28043957597696767 -0.9372893310498474 0.6870300261268765
0.0 0.0 0.0 1.0
====================
0.2731418746336714 -0.9569697067294723 0.09799232992286373 0.3350022613772936
-0.9497515607632735 -0.2520822170961377 0.18554387257902594 -0.30220685589249097
-0.15285774154202936 -0.14374816947009567 -0.9777376819089395 0.6489423825694067
0.0 0.0 0.0 1.0
====================
0.20805145014641865 -0.8754877247431502 0.4361603351017077 0.49727729418816985
-0.9778718614527321 -0.19617535499458819 0.07267635565791453 -0.24933814902560583
0.02193665131556452 -0.44162933996374043 -0.8969293781632142 0.6561257304293422
0.0 0.0 0.0 1.0
====================
0.10680714355866539 -0.9179110572681812 0.38214071365093855 0.5496637345463913
-0.9538780645735356 0.013850277290365372 0.2998746533877544 -0.06100356041414286
-0.2805510149870865 -0.3965443994860978 -0.8740959142027411 0.6507424879308269
0.0 0.0 0.0 1.0
====================
-0.03060239682062934 -0.9100523040992883 0.41336218636010885 0.3372364456667064
-0.9802888955856046 0.10808414135073188 0.1653828878089582 -0.1347999900072156
-0.19518497508873006 -0.4001532483837306 -0.8954218018942584 0.6042163021425847
0.0 0.0 0.0 1.0
====================
-0.2976160819656166 -0.9140603546842843 0.2755328215474083 0.36424946611583836
-0.8869331961243743 0.37151507260886785 0.2744559280413343 0.05186880415454295
-0.3532338791339781 -0.1626967080763106 -0.9212793321317342 0.5675294569168109
0.0 0.0 0.0 1.0
====================
-0.00898526928407991 -0.9866212845661351 0.162781159158429 0.3636898929533976
-0.9951393622313431 -0.00714188435141979 -0.09821732650457574 -0.23979439765333432
0.0980658690558956 -0.16287244803520382 -0.9817615041329192 0.6186845991462117
0.0 0.0 0.0 1.0
====================
0.1043602666486265 -0.9916981621722937 0.0751244959325698 0.44689221181350347
-0.9679275213824122 -0.08392047875219867 0.23679878926316705 -0.049421010012497386
-0.22852844045222814 -0.09742745193269144 -0.9686499076107814 0.633407175356555
0.0 0.0 0.0 1.0
====================
-0.10358776860362855 -0.83904623749706 0.5341076535098034 0.5391702476049477
-0.9785013001721596 0.18225423118835343 0.09653289996335457 -0.11235562839394499
-0.17833894627117744 -0.5126254056872028 -0.8398871434228032 0.6394257191182617
0.0 0.0 0.0 1.0
====================
-0.0006483101659622847 -0.8425493154458935 0.5386188176582627 0.5565530719971863
-0.9584339129276637 0.15419902191619533 0.24005644375907953 0.02867363226041565
-0.2853138872261498 -0.5160749099517868 -0.8076278060308217 0.5531741108113435
0.0 0.0 0.0 1.0
====================
0.07304662234881361 -0.963995067153096 0.2556906362539076 0.3787379166237849
-0.9825507774746499 -0.025588477417051326 0.18422594688978638 -0.16701078016805593
-0.17105016997182768 -0.2646861166135756 -0.9490432545593661 0.6295855536807233
0.0 0.0 0.0 1.0
====================
0.21252984072695127 -0.8701599986030568 0.4445814251986976 0.3730334611815793
-0.9731267046423269 -0.14721073593513676 0.1770689581417396 -0.04775959020736625
-0.08863116558266859 -0.47026649472034876 -0.8780626062137561 0.5269016781150869
0.0 0.0 0.0 1.0
====================
0.15891204710360826 -0.953348443324538 0.2566587362550139 0.37017487282436295
-0.9816370374274872 -0.18035521844302818 -0.06213470794132395 -0.22595630448184065
0.10552576953487056 -0.242071767852114 -0.9645027585098063 0.5849243314914306
0.0 0.0 0.0 1.0
====================
0.025291892933468098 -0.8372088873305394 0.5462980863288857 0.5124036339754351
-0.9667937491579885 -0.15949890114157564 -0.19967460310132232 -0.19005097268930143
0.25430329675582797 -0.5231074263565664 -0.8134423481413585 0.6370963585958578
0.0 0.0 0.0 1.0
====================
-0.21076739232427188 -0.7427432404833537 0.6355388147462855 0.5570092854357709
-0.9122752329681908 0.3830197245993897 0.14508545716453125 -0.07077466794587
-0.35118514439773757 -0.5492070368122524 -0.7583143313100745 0.6342804918612296
0.0 0.0 0.0 1.0
====================
-0.07873983828393634 -0.8621927756561757 0.5004234761412771 0.3983670472214955
-0.9589272086215433 0.2027250173736856 0.1983965118043517 -0.03894564332676934
-0.2725043970880377 -0.4642479778492725 -0.8427426467377492 0.5905569467222792
0.0 0.0 0.0 1.0
====================
0.058344529977292406 -0.8733378411484997 0.4836082412860707 0.3140085793179113
-0.9956421776081702 -0.015603024817144859 0.09194128443858157 -0.08306240821431765
-0.07275005147344862 -0.4868650334893985 -0.870442341097891 0.5177354249641551
0.0 0.0 0.0 1.0
====================
0.014554758126113412 -0.5581774280130604 0.8295939475867788 0.3511311498967497
-0.9970026932275896 -0.07115192979546292 -0.030381451303620577 -0.11406999518369518
0.07598545066539442 -0.8266652053540818 -0.5575399981562494 0.7512947730024407
0.0 0.0 0.0 1.0
====================
-0.14363276675321082 -0.7670936851448082 0.6252494754302287 0.4311806138365927
-0.9731066231710601 0.2244495883892524 0.05182549770636219 -0.04176491521987293
-0.18009199942094795 -0.6009905660514594 -0.7787022609840762 0.5467261875714624
0.0 0.0 0.0 1.0
====================
