-0.88364447675383 -0.0394286284574675 0.4664952539527206 0.6172936840684473
-0.08083420117162926 0.9943311072007585 -0.06907590878054902 -0.041136109181616885
-0.46112717402403747 -0.09874731647430803 -0.8818223726271229 0.5734719237950624
0.0 0.0 0.0 1.0
====================
-0.9813602792675286 -0.008031457111995204 0.19200910908760777 0.533569618827781
-0.023583856114169043 0.9966074308375436 -0.07885068503302492 -0.05533887454893945
-0.19072441901011222 -0.08190924548577719 -0.9782203593757423 0.6092265501445321
0.0 0.0 0.0 1.0
====================
-0.9341206193716719 -0.3538191111151942 -0.047230340612133395 0.4402487957194085
-0.3500969762950836 0.9339285458833609 -0.07217740902270472 -0.15051507197170408
0.06964751003247677 -0.050887206583236644 -0.9962729126862938 0.644405120366772
0.0 0.0 0.0 1.0
====================
-0.8426692724660613 -0.40154678977264274 0.35870415785826093 0.5129867974556902
-0.4728405162183475 0.8705460102501897 -0.13627725510826577 -0.11391407769457187
-0.2575467791759116 -0.28444651458712183 -0.9234499644676762 0.7011038309584217
0.0 0.0 0.0 1.0
====================
-0.9802601156280869 -0.11387459490755727 0.1616251290593446 0.4812362954643609
-0.047813717419296964 0.9297501044550817 0.3650734058957358 -0.11971045373426115
-0.1918435668333908 0.35013900082739247 -0.916841712600511 0.6512584233339515
0.0 0.0 0.0 1.0
====================
-0.8142546939357126 -0.49536167490900646 0.3026650036509062 0.5211238553661637
-0.5409740368525972 0.8366199177286368 -0.08610577629366356 -0.1510026312912553
-0.21056206888958925 -0.23384594136113074 -0.949199500028241 0.6271485726029082
0.0 0.0 0.0 1.0
====================
-0.8939923566088741 -0.37139386275418346 -0.25068758452192785 0.4368505992426524
-0.3901197601374044 0.9203462801382989 0.027736210734887877 0.037757868387526414
0.2204183274486176 0.12259414074140254 -0.9676706245312148 0.6288853986616417
0.0 0.0 0.0 1.0
====================
-0.923863696907934 -0.32808160151917454 0.19707443334998856 0.5358239669990793
-0.3224061227942505 0.9446232329751759 0.06116567426510987 0.021344653539962715
-0.20622842073871442 -0.007029258007812872 -0.9784786293074957 0.5768538071957263
0.0 0.0 0.0 1.0
====================
-0.8272384824750438 -0.23968011951124216 0.5081632940536569 0.5178051261534218
-0.26069949053145136 0.9649309067755871 0.030726548551459155 -0.014336612627514154
-0.49770701095024616 -0.10705972847116765 -0.8607124640614028 0.7329289924932219
0.0 0.0 0.0 1.0
====================
-0.8949457412106414 -0.15836481996747728 0.4171243268925998 0.42654052562372585
-0.2591406600702312 0.9455332992515719 -0.19700989392617424 -0.20826104109238094
-0.36320550462142065 -0.284407038947889 -0.8872397633163165 0.7626309373093098
0.0 0.0 0.0 1.0
====================
-0.8438965091917305 -0.42369469718060565 0.3291222954390158 0.5400651355364553
-0.4218726486208479 0.9030459356579605 0.08081773590784233 -0.16205085415048892
-0.3314545973729171 -0.07064588928362345 -0.9408225168477229 0.6515036465485541
0.0 0.0 0.0 1.0
====================
-0.8292696666172511 -0.5093472229808786 0.22995048699704976 0.5684624134184681
-0.4698271036103715 0.8582267965356914 0.20666218430369446 -0.040972975231321075
-0.3026124794875495 0.06334170940029935 -0.9510065799502366 0.609782173201404
0.0 0.0 0.0 1.0
====================
-0.9055193946008002 -0.24188671702041803 0.3486049944147164 0.5546822684038933
-0.2459271395511481 0.9687142828923092 0.03335386263432198 -0.18498233498722147
-0.34576649350969557 -0.05552885960942566 -0.9366760793980418 0.6320107409564305
0.0 0.0 0.0 1.0
====================
-0.8534977272356253 -0.44453340767133975 0.27190380480553944 0.5835318135681075
-0.37890267437911473 0.8876293980927868 0.2618144667312938 0.04307231112774178
-0.35773508767239615 0.12043297349789081 -0.9260245709172515 0.6252420043094044
0.0 0.0 0.0 1.0
====================
-0.9746691752555131 0.10337543162000375 -0.19832679835089395 0.5355963000854289
0.08786382093573085 0.992456184819723 0.0855024571790439 -0.06431476758097389
0.2056695110542932 0.06591085912395878 -0.9763994115484861 0.6403037911409026
0.0 0.0 0.0 1.0
====================
-0.8111075911167354 0.2084361619998229 0.5464968819706024 0.6594872138783149
0.16547841422010917 0.9779509560531294 -0.12739239373670708 -0.1659773641387865
-0.5610003298216544 -0.012895500205645699 -0.8277151297484187 0.6024212052674449
0.0 0.0 0.0 1.0
====================
-0.9033100761629118 -0.37474104887731313 0.20880625610571607 0.5703132808859532
-0.36442721975819464 0.9271252383295048 0.08735899468155406 -0.003737049817198399
-0.22632655125253676 0.0028175767585863418 -0.9740474082196116 0.6533585993911536
0.0 0.0 0.0 1.0
====================
-0.937717979487013 -0.3198030243076514 0.13568720127732586 0.4953735719327701
-0.33155979238053834 0.9404665496905691 -0.07477147176357357 -0.19727571406763278
-0.10369713122053141 -0.11510297370961495 -0.987926217093076 0.6630385246675995
0.0 0.0 0.0 1.0
====================
-0.9468685469960776 0.18800478596164694 0.26094856804560657 0.6014928186778454
0.18338769979019787 0.9821360786393454 -0.042162478586895105 0.005527830795442197
-0.26421375110920603 0.007932432820103117 -0.9644315269807169 0.6145365842145399
0.0 0.0 0.0 1.0
====================
-0.8966425583044237 -0.347997409300409 0.27373331137715373 0.6122061842938227
-0.2515591758419241 0.9091788242893502 0.3318310511594224 -0.11174403128484679
-0.36434887633562163 0.22867371642591303 -0.9027503684457465 0.6178403586505317
0.0 0.0 0.0 1.0
====================
-0.9759268764223101 -0.13993911603082757 0.16728351885677084 0.5042372830503934
-0.10499990122744432 0.9737397622433601 0.2020046934317908 0.0743165869404288
-0.19115897211174776 0.1795770565265937 -0.964992397975458 0.7210527423753682
0.0 0.0 0.0 1.0
====================
-0.9753564793577734 0.21474875283596237 -0.050623229156272556 0.6073239364837245
0.21955483194389566 0.9220143577611262 -0.3188811688582851 -0.009641015251316578
-0.02180398919687568 -0.3221373887609713 -0.9464418042422713 0.5735951122530546
0.0 0.0 0.0 1.0
====================
-0.9765527742703216 0.16115014582560522 0.1427421085921208 0.539036197962708
0.13529822582226003 0.9751730628329766 -0.17530512717630548 -0.1509256793733869
-0.16744870603945364 -0.1518819542451903 -0.9741112887244326 0.692947526282834
0.0 0.0 0.0 1.0
====================
-0.8930189725520012 0.1347394078388001 0.4293744364041924 0.6786666047139266
0.07296254867619006 0.9848515658114347 -0.15730181120839 -0.13684329027168152
-0.4440648389062604 -0.10914524860943273 -0.8893220640201964 0.5596641087880965
0.0 0.0 0.0 1.0
====================
-0.9668233904724914 -0.23412772855124306 0.10216035610114017 0.5713842349034639
-0.20919073950185055 0.9552001836087785 0.20936055918062718 0.08668666834873376
-0.1466007030745256 0.1810436852176608 -0.9724872327701086 0.6335779736074881
0.0 0.0 0.0 1.0
====================
-0.9962623409449605 0.052802830086811144 -0.06836087440700912 0.5762964030891485
0.07553568972202696 0.9164551471370874 -0.3929431547490774 -0.08373177754809054
0.04190116457910443 -0.39663815300694794 -0.9170182484477352 0.5896805281963953
0.0 0.0 0.0 1.0
====================
-0.9667909605753104 0.11821233857037852 0.2265857046673308 0.6319515190639681
-0.008500858206736954 0.871229797042383 -0.4908017686961175 -0.21559918992824836
-0.25542704234207 -0.4764288863568313 -0.8412921860359646 0.5337559521979065
0.0 0.0 0.0 1.0
====================
-0.7600224041889146 -0.10475921631218305 0.6413980446871971 0.6577807474636793
-0.17189598960430608 0.9841787136038568 -0.042942152333279 -0.23416647763376927
-0.6267517163030817 -0.14289074947915795 -0.7660055612229105 0.5643341639271452
0.0 0.0 0.0 1.0
====================
-0.9935612235221846 -0.09574830777150052 0.060566960234058796 0.49529024214865086
-0.0992791074100119 0.9933532538255897 -0.05824922270713324 -0.20866422195495865
-0.054587122519614124 -0.06388720273269055 -0.9964630807922695 0.6168572453939709
0.0 0.0 0.0 1.0
====================
-0.9185286895110482 -0.29428510833590477 0.26401007851375924 0.6117318373242638
-0.3323330432202983 0.9364394510607471 -0.11240953198453474 -0.08787593373839354
-0.21414900169987228 -0.1909906529356124 -0.9579471674169598 0.5562841799409314
0.0 0.0 0.0 1.0
====================
