-0.28557097474804427 -0.9299264906756441 0.2317022665429355 0.3992012644276604
-0.958047466553771 0.283159321621685 -0.04433791164059042 -0.03679892037514823
-0.024377658036683375 -0.23464339010172192 -0.9717758019575392 0.7055353526516046
0.0 0.0 0.0 1.0
====================
0.02152436128735633 -0.9817539063190233 0.18893376960858493 0.37894756136804475
-0.9982161611590898 -0.031630003099936264 -0.05063633581439099 -0.12493231001464335
0.0556883962058624 -0.18750682742566072 -0.9806834311829594 0.6651293052575502
0.0 0.0 0.0 1.0
====================
-0.16920185363741924 -0.9574770757494138 0.2336843643464681 0.3543901468654587
-0.9831349241760818 0.14727310610859523 -0.10842671756728829 -0.19913605290242345
0.06940067428311775 -0.24808926141910692 -0.966248034811751 0.6671770702570007
0.0 0.0 0.0 1.0
====================
0.006540504421841433 -0.9706717551487577 0.24031971529264623 0.3292345020332691
-0.9853430102441666 -0.04722238157058441 -0.16391826878590024 -0.26148327284952233
0.17045930295783912 -0.2357252435256623 -0.9567534873727376 0.6628532840991281
0.0 0.0 0.0 1.0
====================
0.04891661884136931 -0.9863479511216168 0.157241482183669 0.34652421748105317
-0.992108094582958 -0.06617991209236665 -0.106497642689494 -0.254057638255418
0.11544995913425309 -0.15079104268369367 -0.9818010839178494 0.6202149411197456
0.0 0.0 0.0 1.0
====================
0.17856486797494084 -0.9790691269555525 0.09766387544831767 0.36175691442034985
-0.9821348708931852 -0.18334923545681883 -0.04235744601633781 -0.20244082473270889
0.05937746458648183 -0.08835554594869852 -0.9943176626206481 0.618849211738004
0.0 0.0 0.0 1.0
====================
-0.21176567110664424 -0.9753895071581362 0.061405291844929266 0.36748625615920916
-0.9772970858711321 0.2117768446315217 -0.006401095664776455 -0.1243408760119416
-0.006760657404858438 -0.061366745096384984 -0.9980923885631678 0.6247440505415909
0.0 0.0 0.0 1.0
====================
-0.00730686480990107 -0.9983199925042863 0.05747871164955082 0.38144317340764616
-0.9999722911530236 0.0073766079508548075 0.0010012898245381 -0.04288008534709555
-0.0014236055714864602 -0.057469802691341866 -0.9983462300854327 0.6137990104933605
0.0 0.0 0.0 1.0
====================
0.16782425292201375 -0.9831690177386984 0.07220597405957119 0.38662157202539826
-0.9858064578369806 -0.16770930936616135 0.007695143847310348 0.03040605920416438
0.004543987023923543 -0.07247254728963706 -0.9973600563844925 0.5987475126159826
0.0 0.0 0.0 1.0
====================
0.002658770996113321 -0.9999956285349582 0.0012937726864959247 0.3753469490425884
-0.9999502467793441 -0.0026462070697117622 0.009617772822917897 -0.0341840926515717
-0.009614307188730615 -0.001319279772566755 -0.9999529111904033 0.545160639860878
0.0 0.0 0.0 1.0
====================
-0.1297623440630574 -0.9906537193766032 0.04203501336461381 0.36366944757430514
-0.9915268485285329 0.12990069019592723 0.0005650961844269366 -0.12510076140418866
-0.006020191885366427 -0.04160551612375796 -0.9991159784117855 0.5602919955292675
0.0 0.0 0.0 1.0
====================
-0.028857998952565116 -0.992783770186874 0.11639416458736233 0.3530369488288216
-0.9979453871482886 0.0219510363276403 -0.060192659632177334 -0.21888671926019337
0.05720332303202573 -0.11789205934955439 -0.9913774468770282 0.5705399490665276
0.0 0.0 0.0 1.0
====================
-0.1456597334538668 -0.9657256573324411 0.21484226032131848 0.3457897423803568
-0.9771206072285801 0.10641055796953428 -0.18415241535712562 -0.28986324399016694
0.15497922757388943 -0.2367503915993321 -0.959130174219414 0.5718678864746598
0.0 0.0 0.0 1.0
====================
-0.21955973980662685 -0.7948106742219672 0.5657468628272442 0.38595410712732303
-0.9736263262498352 0.14165233202447852 -0.1788474032947542 -0.26933735790099717
0.06201046274053973 -0.5900937289743462 -0.8049497459691849 0.593926248870669
0.0 0.0 0.0 1.0
====================
-0.06964891159787866 -0.7845636564535647 0.6161240930895693 0.4075378647326741
-0.9960424663580938 0.02050940926891788 -0.08647987825341724 -0.19931139915158455
0.05521262830654533 -0.6197089906590458 -0.7828871774220282 0.6116174101424448
0.0 0.0 0.0 1.0
====================
-0.05826376288990734 -0.7863906689287385 0.6149756497258407 0.4247253659412702
-0.9958921388062039 0.08855580099855873 0.01888697894075564 -0.12099328507624418
-0.06931220525934473 -0.6113489886564916 -0.7883198794085885 0.6157296754799645
0.0 0.0 0.0 1.0
====================
-0.33053742548337073 -0.7300798862471073 0.598103979298112 0.4406094449139571
-0.876099846571415 0.47302862831182135 0.09323612837832876 -0.027155459314432612
-0.3509901269157988 -0.4931807746606188 -0.7959765413080865 0.6069594674172472
0.0 0.0 0.0 1.0
====================
-0.47503317218740215 -0.4914163218780706 0.7299681389714229 0.4781470618724487
-0.7021967235150445 0.7116393847598204 0.022116680207496464 -0.05197133732336708
-0.5303425749516159 -0.5020750786988865 -0.6831232455005443 0.6102202473093389
0.0 0.0 0.0 1.0
====================
-0.4400629222697019 -0.8104569728608145 0.3866576257941066 0.37961898796495047
-0.8602116095135065 0.5040232009898538 0.07743771511430478 -0.052491402731822935
-0.25764435041668027 -0.29852991140792995 -0.9189664197853699 0.6229422675294708
0.0 0.0 0.0 1.0
====================
-0.7384816773196917 -0.6593783154315833 0.14094342624508072 0.3104256568989514
-0.6567246400929538 0.7507516626024903 0.07130699961698848 -0.05694986546152762
-0.15283180087231618 -0.039902108192480135 -0.9874463339361389 0.6232465730688702
0.0 0.0 0.0 1.0
====================
-0.28917725934162464 -0.957270322447187 0.003168981149493176 0.24665819475466355
-0.9572104941305872 0.2891946160879224 0.010702520826258093 -0.10907904739949882
-0.011161657849267358 6.154362858709628e-05 -0.999937704862877 0.6360442641692291
0.0 0.0 0.0 1.0
====================
-0.2881634714626281 -0.9540044461525125 -0.08268815172590056 0.185612263164928
-0.9513243383823676 0.29506642909942793 -0.08898205223449947 -0.17703946909827112
0.10928777111808076 0.053021874162940894 -0.9925950150712484 0.6366727914009718
0.0 0.0 0.0 1.0
====================
-0.1975585359080084 -0.9768948114366355 -0.08153006977836487 0.14815038003575765
-0.957458401603284 0.2101343014470938 -0.1977801419622982 -0.24944643218404083
0.2103426587479798 0.03898849501484773 -0.9768499696306023 0.6307476122975079
0.0 0.0 0.0 1.0
====================
-0.2006899504556314 -0.9795195763630801 -0.01627707921000373 0.18615834927869052
-0.9761230552555936 0.20134840521273292 -0.08150215160825486 -0.2525953038353128
0.0831103169564529 -0.0004682304791818817 -0.9965402430286582 0.5558619123632347
0.0 0.0 0.0 1.0
====================
-0.33499457143074357 -0.9376949086257297 0.09223283281628689 0.1884397210529947
-0.8790781986937156 0.3462756421576925 0.32758922483758557 -0.24850444689012016
-0.33911673166233625 0.028660739447236405 -0.9403076115404964 0.549540973988345
0.0 0.0 0.0 1.0
====================
0.13819203551462222 -0.9887916862644371 0.056515152788048306 0.22499375144010061
-0.8005888904715072 -0.07793144216288306 0.5941246660222201 -0.18934029344827583
-0.5830612230065783 -0.12734870041246704 -0.8023851436369751 0.5233117085737805
0.0 0.0 0.0 1.0
====================
-0.1212492218057227 -0.9895907881321852 0.07751579358703478 0.2836166882190482
-0.8518092651274974 0.14382469053360283 0.50372158404804 -0.11209603925892084
-0.5096269243814144 -0.004952821098576116 -0.8603812338194656 0.5291949863102566
0.0 0.0 0.0 1.0
====================
-0.21184487538166374 -0.9602929827109266 0.18154651230656993 0.3355564246273327
-0.9191135877574939 0.258905829028117 0.29698145479947263 -0.02777964732227709
-0.3321926573151115 -0.10394786698829205 -0.9374662017238324 0.5273884952256467
0.0 0.0 0.0 1.0
====================
-0.16348581133232007 -0.8168324247616858 0.5532243481183362 0.38410962774086305
-0.9598243292036106 0.2613263224434371 0.10220474679303204 -0.0411543262013924
-0.22805623552503917 -0.5142891628803136 -0.8267387800158006 0.5580922083649458
0.0 0.0 0.0 1.0
====================
-0.28855721591088157 -0.5984112467097895 0.7474213757693828 0.3774685793865603
-0.9470116597790295 0.29340276163357265 -0.13070476543860737 -0.11281907534996954
-0.14108029411767348 -0.745532560842938 -0.6513659120146236 0.5768347174547801
0.0 0.0 0.0 1.0
====================
